aweibo2NAM.dev:	char_num:14509	sent_num:270	entity_num:169
detail:0,78,64,10,2,9,4,1,0,0,1
0.0,0.4615,0.3787,0.0592,0.0118,0.0533,0.0237,0.0059,0.0,0.0,0.0059

aweibo2NAM.test:	char_num:14842	sent_num:270	entity_num:218
detail:1,106,75,19,6,6,1,2,0,0,2
0.0046,0.4862,0.344,0.0872,0.0275,0.0275,0.0046,0.0092,0.0,0.0,0.0092

aweibo2NAM.train:	char_num:73778	sent_num:1350	entity_num:1021
detail:18,472,368,79,38,17,15,5,5,2,2
0.0176,0.4623,0.3604,0.0774,0.0372,0.0167,0.0147,0.0049,0.0049,0.002,0.002

aweibo2NOM.dev:	char_num:14509	sent_num:270	entity_num:220
detail:12,174,25,8,1
0.0545,0.7909,0.1136,0.0364,0.0045

aweibo2NOM.test:	char_num:14842	sent_num:270	entity_num:200
detail:8,144,35,13
0.04,0.72,0.175,0.065

aweibo2NOM.train:	char_num:73778	sent_num:1350	entity_num:873
detail:23,611,174,53,7,4,1
0.0263,0.6999,0.1993,0.0607,0.008,0.0046,0.0011

weibo2.dev:	char_num:14509	sent_num:270	entity_num:389
detail:12,252,89,18,3,9,4,1,0,0,1
0.0308,0.6478,0.2288,0.0463,0.0077,0.0231,0.0103,0.0026,0.0,0.0,0.0026

weibo2.test:	char_num:14842	sent_num:270	entity_num:418
detail:9,250,110,32,6,6,1,2,0,0,2
0.0215,0.5981,0.2632,0.0766,0.0144,0.0144,0.0024,0.0048,0.0,0.0,0.0048

weibo2.train:	char_num:73778	sent_num:1350	entity_num:1894
detail:41,1083,542,132,45,21,16,5,5,2,2
0.0216,0.5718,0.2862,0.0697,0.0238,0.0111,0.0084,0.0026,0.0026,0.0011,0.0011

